512
4 6 7 64

4 6 7
4 7
0 2 3 12

0 2
0 2 3 15
12 13 15 72
12 13 15 73

12 13 15
4 8 9 11 20
8 9 11

7 8 9 11 23
20 22 23 80
20 22 23 81

20 22 23
12 16 17 19 28

16 17 19 30
15 16 17 19 31




20 36

22 38
23
36 38 96
36 38 97

36 38 99
28 32 33 35 44

30 32 33 35 46

44 45 46 104
44 45 46 105
44 45 46 106

36 40 41 42 52
40 41 42 53
38 40 41 42 54

52 53 54 55 112

52 53 54 55 114
52 53 54 55 115
44 48 50 51 60
45 48 50 51 61
46 48 50 51 62
48 50 51
60 61 62 120
60 61 62
60 61 62

52 56 57 58
53 56 57 58
54 56 57 58

0 69 70 71
69 70 71 129



64 65 77
64 65 78
64 65 79
8 76 77 78 79 136
9 76 77 78 79 137
76 77 78 79

72 73 74 84
69 72 73 74 85
70 72 73 74 86
71 72 73 74 87
16 84 85 86 87 144
17 84 85 86 87 145


76 80 81 92
77 80 81 93
78 80 81 94
79 80 81
92 93 94 152
92 93 94 153
92 93 94 154
92 93 94 155
84 88 89 90 91 100
85 88 89 90 91 101
86 88 89 90 91 102

32 100 101 102 103 160
33 100 101 102 103 161
100 101 102 103 162
35 100 101 102 103 163
92 96 97 98 99
93 96 97 98 99 109
94 96 97 98 99 110
96 97 98 99
40 109 110
41 109 110 169
42 109 110 170
109 110 171

101 104 105 106 107 117
102 104 105 106 107 118

48 116 117 118 119 176

50 116 117 118 119 178
51 116 117 118 119 179
112 114 115 124
109 112 114 115 125
110 112 114 115 126
112 114 115 127
56 124 125 126 127 184


124 125 126 127 187
116 120 123
117 120 123
118 120 123
119 120 123

65 132 133 134 135 193
133 135 194

129 140
129 130 141
129 142
129 130 143
72 140 141 142 143 200
73 140 141 143 201

140 141 142 143 203
132 136 137 139 148
133 136 137 139 149
134 136 139 150
135 136 137 139
80 148 149 150 208
81 148 149 150 209
148 149 150
148 149 150 211
140 144 145 146 147 156
141 144 145 146 147 157
142 144 145 146 147 158

88 156 157 158 159 216
89 156 157 158 159 217
90 156 157 158 159 218
91 156 157 158 159 219
148 152 153 154 155 164
149 152 153 154 155
150 152 153 154 155 166
152 153 154 155 167
96 164 166 167 224
97 164 166 167 225
98 164 166 167
99 164 166 167 227
156 160 161 162 163 172

158 160 161 162 163
159 160 161 162 163 175

105 172 173 175 233
106 172 173 175 234
107 172 173 175 235
164 169 170 171 180
169 170 171 181

167 169 170 171 183
112 180 181 182 183 240
180 181 182 183 241
114 180 181 182 183 242
115 180 181 182 183 243
172 176 177 178 179 188
173 176 177 178 179 189
176 177 178 179 190
175 176 177 178 179 191
120 188 189 190 191 248
188 189 190 191 249
188 189 190 191 250
123 188 189 190 191 251
180 184 185 186 187
181 184 185 186 187
182 184 185 186 187
183 184 185 186 187
196 197 198 256
129 196 197 198 199 257
130 196 197 198 199 258

192 193 194 204
192 193 194 205
192 193 194 206
193 194 207
136 204 205 206 207
137 204 205 206 207 265
204 205 206 207 266
139 204 205 206 207 267
196 200 201 202 203 212
197 200 201 202 203 213
198 200 201 202 203 214
199 200 201 202 203 215
144 212 213 214 215 272
145 212 213 214 215

147 212 213 214 215 275
204 208 209 211 220
205 208 209 211 221
206 208 209 211
207 208 209 211 223
152 220 221 223 280
153 220 221 223
154 220 221 223 282
155 220 221 223 283
212 216 217 218 219
213 216 217 218 219 229

215 216 217 218 219 231
160 229 230 231 288
161 229 230 231 289

163 229 230 231 291

221 224 225 227 237
224 225 227 238
223 224 225 227 239
236 237 238 239 296
169 236 237 238 239 297
170 236 237 238 239 298
171 236 237 238 239
232 233 234 235 244
229 232 233 234 235
230 232 233 234 235 246
231 232 233 234 235 247
176 244 246 247 304
177 244 246 247 305
178 244 246 247 306
179 244 246 247
236 240 241 242 243 252

238 240 241 242 243 254
239 240 241 242 243 255
184 252 253 254 255 312
185 252 253 254 255 313
186 252 253 254 255
187 252 253 254 255
244 248 249 250 251
248 249 250 251
246 248 249 250 251
247 248 249 250 251
192 260 261 262 263 320
193 260 261 262 263 321
194 260 261 262 263
260 261 262 263 323
256 257 258 259 268
256 257 258 259 269
256 257 258 259 270
256 257 258 259 271

201 268 269 270 271 329
202 268 269 270 271
203 268 269 270 271 331
260 265 266 267 276
261 265 266 267 277
262 265 266 267 278
263 265 266 267 279
208 276 277 278 279 336

276 277 278 279 338
211 276 277 278 279 339
268 272 274 275 284
269 272 274 275 285
270 272 274 275 286
271 272 274 275 287
216 284 285 286 287 344

218 284 285 286 287 346
219 284 285 286 287 347
276 280 282 283 292
277 280 282 283 293
278 280 282 283
279 280 282 283 295
224 292 293 295 352
225 292 293 295
292 293 295 354
227 292 293 295 355
284 288 289 290 291 300
285 288 289 290 291 301

287 288 289 290 291 303
232 300 301 302 303 360
233 300 301 302 303 361
234 300 301 302 303

292 296 297 298 308
293 296 297 298 309
296 297 298 310
295 296 297 298 311
240 308 309 310 311 368
241 308 309 310 311
242 308 309 310 311 370

300 304 305 306 316
301 304 305 306 317
302 304 305 306 318
303 304 305 306
248 316 317 318 376
249 316 317 318


308 312 313
309 312 313
310 312 313

256 324 325 326 327 384
257 324 325 326 327 385

259 324 325 326 327 387
320 321 323 332
320 321 323
320 321 323
320 321 323
332 392
265 332 393

267 332 395
324 328 329 331 340



272 340 341 342 400

274 340 341 342
275 340 341 342 403
332 336 338 339 348
336 338 339 349
336 338 339

280 348 349 351 408
348 349 351 409
282 348 349 351 410
283 348 349 351
340 344 345 346 347 356
341 344 345 346 347 357

344 345 346 347 359
288 356 357 416

290 356 357 418
291 356 357 359 419
348 352 354 355 364
349 352 354 355 365

351 355 367
296 364 365 366 367 424
297 364 365 366 367 425

364 365 366 367 427
356 360 361 363 372
357 360 361 363 373
360 361 363 374
359 360 361 363
304 372 373 374 432

306 372 373 374 434
372 373 374 435
364 368 370 371 380
365 368 370 371 381
366 368 370 371

312 380 381 383 440

380 381 383 442
380 381 383
372 376 378 379
373 376 378 379

376 378 379
320 388 389 390 391 448
321 388 389 390 391
388 389 390 391 450
323 388 389 390 391 451
384 385 386 387
384 385 386 387
384 385 386 387 398
384 385 386 387 399
328 398 399 456
329 398 399 457
398 399 458
331 398 399


390 392 393 394 395
391 392 393 394 395 407
336 404 405 407 464
404 405 407 465

339 404 405 407 467
400 401 403 412
400 401 403 413

399 400 401 403 415
344 412 413 415 472
345 413 415 473
346 412 413 415 474

404 408 410
405 408 409 410 421

407 408 409 410 423
352 421 422 423 480
421 422 481
354 421 422 423 482
355 421 422 423 483

413 416 417 418 419
416 417 418 419 430
415 416 418 419 431
360 430 431
361 430 431
430 431 490
363 430 431 491


422 424 425 426 427
423 424 425 426 427 439
368 436 437 439 496

370 436 437 439 498
371 436 437 439 499
432 434 435 444
432 434 435 445

431 432 434 435 447
376 444 445 446 447 504
444 445 446 447 505
378 444 445 446 447 506

436 440 441 442
437 440 441 442
440 441 442
439 440 441 442
384 452 453 454

386 452 453 454
387 452 453 454
448 450 451 460
448 450 451 461
448 450 451 462

392 460 461 462 463
393 460 461 462 463
394 460 461 462 463

452 456 457 458 468
453 456 457 458
454 456 457 458 470
456 457 458 471
400 468 469 470 471
401 468 469 470 471
468 469 470 471
403 468 469 470 471
460 464 465 466 467
464 465 466 467 477
462 464 465 466 467 478
463 464 465 466 467 479
408 477 478 479
409 477 478 479
410 477 478 479


469 472 473 474 485
470 472 473 474 486
471 472 473 474 487
416 484 485 486 487
417 484 485 486 487
418 484 485 486 487
419 484 485 486 487
480 481 482 483 492
477 480 481 482 483 493
478 480 481 482 483 494
479 480 481 482 483 495


426 492 493 494 495
427 492 493 494 495
484 490 491 500
485 490 491
486 490 491 502
487 490 491 503
432 500 502
500 503
434 500 502 503
435 500 503
492 496 497 498 499 508

494 496 498 510
495 497 498 499 511
440 508 509 510 511
441 508 509 510 511
442 508 509 510 511
508 509 510 511
500 504 505 506 507
504 505 506 507
502 504 505 506 507
503 504 505 506 507
